[{"id": 0, "img_name": "0001", "width": 800, "height": 800, "position": [-0.08137116548140923, -4.780600547922972, 1.4626139402389524], "rotation": [[0.9998551607131958, -0.0049783438444137565, 0.016274234279990196], [-0.01701865345239639, -0.29248040914535517, 0.9561201333999634], [-1.658844233833363e-18, -0.9562585949897766, -0.29252278804779047]], "fy": 1755.555611334806, "fx": 1755.555611334806}, {"id": 1, "img_name": "0002", "width": 800, "height": 800, "position": [0.8229578427988097, 3.1928176958614984, -3.758810520172119], "rotation": [[-0.9683502912521361, -0.18763607740402222, -0.16459158062934873], [0.24959503114223475, -0.7279689908027649, -0.638563573360443], [-7.450579715220147e-09, -0.6594345569610593, 0.7517620921134947]], "fy": 1755.555611334806, "fx": 1755.555611334806}, {"id": 2, "img_name": "0003", "width": 800, "height": 800, "position": [1.6640634517674897, -0.22771908246141476, 4.709462642669679], "rotation": [[0.1355815827846527, 0.9331952333450317, -0.3328126966953278], [0.9907661676406861, -0.12770327925682068, 0.04554381594061852], [-3.7252898633027406e-09, -0.3359144330024719, -0.9418925642967224]], "fy": 1755.555611334806, "fx": 1755.555611334806}, {"id": 3, "img_name": "0004", "width": 800, "height": 800, "position": [-4.1795463708892875, 2.4808594933058274, -1.1733407974243164], "rotation": [[-0.5104252099990845, 0.20179636776447293, 0.8359093070030211], [-0.8599221110343933, -0.11978056281805034, -0.4961719214916229], [-7.450579715166258e-09, -0.9720755815505978, 0.23466816544532773]], "fy": 1755.555611334806, "fx": 1755.555611334806}, {"id": 4, "img_name": "0005", "width": 800, "height": 800, "position": [1.1181409867529821, -2.607293396699619, 4.117254257202148], "rotation": [[0.9190518856048584, 0.32455205917358393, -0.2236282080411911], [0.39413654804229725, -0.7567940950393676, 0.5214586853981018], [-1.4901161227135826e-08, -0.5673875212669371, -0.8234508633613585]], "fy": 1755.555611334806, "fx": 1755.555611334806}, {"id": 5, "img_name": "0006", "width": 800, "height": 800, "position": [3.822616070387455, 2.2129869977950527, 2.3431382179260254], "rotation": [[-0.5010182261466979, 0.4055676162242889, -0.7645232081413268], [0.8654367923736571, 0.23479099571704862, -0.4425973892211913], [-0.0, -0.8833957910537719, -0.4686276614665985]], "fy": 1755.555611334806, "fx": 1755.555611334806}, {"id": 6, "img_name": "0007", "width": 800, "height": 800, "position": [-3.491051688662761, 0.8972632310171312, 3.465180635452271], "rotation": [[-0.24892765283584595, -0.6712208390235902, 0.6982103586196898], [-0.9685220718383789, 0.17251586914062506, -0.17945265769958496], [1.9379231259977386e-17, -0.7209029197692871, -0.6930361390113832]], "fy": 1755.555611334806, "fx": 1755.555611334806}, {"id": 7, "img_name": "0008", "width": 800, "height": 800, "position": [0.26685583611350505, 4.285823823864735, 2.561347484588623], "rotation": [[-0.9980671405792236, 0.03183469548821449, -0.05337117239832879], [0.062144421041011824, 0.5112794041633605, -0.8571648001670839], [1.8626449244355299e-09, -0.8588247895240784, -0.5122694969177247]], "fy": 1755.555611334806, "fx": 1755.555611334806}, {"id": 8, "img_name": "0009", "width": 800, "height": 800, "position": [-4.908271316376526, -0.613102585555778, -0.7300531864166261], "rotation": [[0.12394887953996657, 0.14488467574119565, 0.9816542863845824], [-0.992288589477539, 0.018097853288054466, 0.12262052297592164], [-0.0, -0.9892829656600952, 0.1460106372833252]], "fy": 1755.555611334806, "fx": 1755.555611334806}, {"id": 9, "img_name": "0010", "width": 800, "height": 800, "position": [-3.3434330866756548, 2.230331026559449, 2.9744040966033913], "rotation": [[-0.5549371242523193, -0.49487677216529846, 0.6686866283416748], [-0.8318923115730287, 0.33012142777442927, -0.44606620073318487], [1.4901161185384004e-08, -0.8038139343261717, -0.5948808193206786]], "fy": 1755.555611334806, "fx": 1755.555611334806}, {"id": 10, "img_name": "0011", "width": 800, "height": 800, "position": [3.203068731944046, -0.24642828269178862, 3.83139967918396], "rotation": [[0.07670838385820387, 0.7640221118927001, -0.6406137347221376], [0.9970536231994628, -0.05878008902072906, 0.04928565397858619], [-0.0, -0.6425068378448486, -0.766279935836792]], "fy": 1755.555611334806, "fx": 1755.555611334806}, {"id": 11, "img_name": "0012", "width": 800, "height": 800, "position": [0.12255026773067472, -3.527207374702031, -3.541721343994141], "rotation": [[0.9993970394134523, -0.02459607087075711, -0.02451005391776562], [0.034723326563835144, 0.7079171538352967, 0.7054414749145508], [-1.8626451458777854e-09, -0.7058671712875366, 0.708344280719757]], "fy": 1755.555611334806, "fx": 1755.555611334806}, {"id": 12, "img_name": "0013", "width": 800, "height": 800, "position": [-4.74914598874466, 1.4752204286352844, 0.5189775824546815], "rotation": [[-0.29664638638496393, -0.09912340342998505, 0.9498292207717894], [-0.9549874067306517, 0.030790563672780987, -0.29504409432411194], [-1.862645150102225e-09, -0.9945986866950989, -0.10379552096128465]], "fy": 1755.555611334806, "fx": 1755.555611334806}, {"id": 13, "img_name": "0014", "width": 800, "height": 800, "position": [-1.0798475698499044, -0.7390201751872834, 4.825741291046143], "rotation": [[0.564776122570038, -0.7964829802513125, 0.215969517827034], [-0.8252443075180054, -0.5450926423072814, 0.14780403673648834], [2.2106847348151228e-17, -0.2617036700248719, -0.9651482701301574]], "fy": 1755.555611334806, "fx": 1755.555611334806}, {"id": 14, "img_name": "0015", "width": 800, "height": 800, "position": [0.8912491470895364, -4.826395495661604, 0.9547671079635618], "rotation": [[0.9833741188049315, 0.0346754752099514, -0.17824982106685638], [0.181591272354126, -0.1877786666154862, 0.9652791023254395], [-3.7252902959206035e-09, -0.9815991520881654, -0.1909534186124802]], "fy": 1755.555611334806, "fx": 1755.555611334806}, {"id": 15, "img_name": "0016", "width": 800, "height": 800, "position": [0.0789719714826388, 2.7726416586581615, 4.160074710845947], "rotation": [[-0.9995946884155275, 0.02368831820786, -0.01579439453780651], [0.02847103029489518, 0.8316775560379029, -0.5545283555984497], [-2.8866318291658484e-18, -0.5547532439231873, -0.8320149779319762]], "fy": 1755.555611334806, "fx": 1755.555611334806}, {"id": 16, "img_name": "0017", "width": 800, "height": 800, "position": [2.0396212567810124, -3.1326988370808095, 3.320563316345215], "rotation": [[0.8380317687988282, 0.362354040145874, -0.4079242646694183], [0.545621395111084, -0.5565475225448607, 0.6265397667884824], [-1.4901161218783648e-08, -0.7476325035095216, -0.664112687110901]], "fy": 1755.555611334806, "fx": 1755.555611334806}, {"id": 17, "img_name": "0018", "width": 800, "height": 800, "position": [-0.6395081320358251, 0.1716959183329117, 4.955961227416993], "rotation": [[-0.2592984735965728, -0.957290768623352, 0.12790162861347198], [-0.9657973051071167, 0.2570146322250366, -0.03433918580412865], [-7.4505805916849285e-09, -0.13243074715137482, -0.9911922812461853]], "fy": 1755.555611334806, "fx": 1755.555611334806}, {"id": 18, "img_name": "0019", "width": 800, "height": 800, "position": [-0.4642439029916276, -1.840287920246657, 4.625777721405029], "rotation": [[0.9696230888366698, -0.22629664838314056, 0.0928487777709961], [-0.2446038722991943, -0.8970521688461304, 0.3680575788021087], [-1.2839112829063258e-17, -0.37958824634552, -0.9251555800437927]], "fy": 1755.555611334806, "fx": 1755.555611334806}, {"id": 19, "img_name": "0020", "width": 800, "height": 800, "position": [-1.3227923040252987, -3.4716012430687466, -3.3463718891143803], "rotation": [[0.9344628453254702, 0.23830221593379974, 0.26455846428871155], [-0.3560605645179749, 0.625412106513977, 0.6943202614784241], [-1.4901159412389612e-08, -0.7430154085159301, 0.669274389743805]], "fy": 1755.555611334806, "fx": 1755.555611334806}, {"id": 20, "img_name": "0021", "width": 800, "height": 800, "position": [-4.560708046611521, 0.23489786908632487, -2.03587007522583], "rotation": [[-0.05143651738762855, 0.4066350162029267, 0.9121415615081787], [-0.9986763000488281, -0.02094361372292042, -0.046979572623968124], [-3.1646270310089697e-18, -0.9133506417274475, 0.4071739912033081]], "fy": 1755.555611334806, "fx": 1755.555611334806}, {"id": 21, "img_name": "0022", "width": 800, "height": 800, "position": [3.226504879176756, -3.702702694058554, -0.9379010200500495], "rotation": [[0.7539232969284059, -0.1232331767678261, -0.6453009843826294], [0.6569625735282899, 0.1414210796356201, 0.740540564060211], [-7.4505805717811564e-09, -0.9822493195533751, 0.18758021295070645]], "fy": 1755.555611334806, "fx": 1755.555611334806}, {"id": 22, "img_name": "0023", "width": 800, "height": 800, "position": [2.439325123700773, 3.374678762784453, -2.767894029617313], "rotation": [[-0.8104446530342102, -0.3242948651313781, -0.48786506056785583], [0.5858151912689208, -0.44864496588706965, -0.6749357581138614], [-1.49011610736898e-08, -0.8327967524528505, 0.5535787940025328]], "fy": 1755.555611334806, "fx": 1755.555611334806}, {"id": 23, "img_name": "0024", "width": 800, "height": 800, "position": [-3.3712017358713666, -1.1130501569334526, 3.5208120346069336], "rotation": [[0.31351804733276367, -0.6686601638793944, 0.6742403507232666], [-0.949582278728485, -0.2207676470279693, 0.22261002659797666], [-5.61417923486814e-17, -0.7100389599800108, -0.7041624188423157]], "fy": 1755.555611334806, "fx": 1755.555611334806}, {"id": 24, "img_name": "0025", "width": 800, "height": 800, "position": [3.7911000732705507, 3.1176387678876907, -0.9528320431709295], "rotation": [[-0.63516765832901, -0.1471886038780213, -0.7582200169563293], [0.7723743319511414, -0.12104161828756331, -0.6235277652740479], [7.450580578202007e-09, -0.9816743135452269, 0.19056640565395355]], "fy": 1755.555611334806, "fx": 1755.555611334806}, {"id": 25, "img_name": "0026", "width": 800, "height": 800, "position": [-1.4360690019415854, 1.7822425675529112, -4.445370674133299], "rotation": [[-0.7786742448806763, 0.5578303933143616, 0.28721377253532404], [-0.6274285316467283, -0.6922990083694457, -0.3564485013484955], [1.4901163064034408e-08, -0.45776331424713135, 0.8890740871429442]], "fy": 1755.555611334806, "fx": 1755.555611334806}, {"id": 26, "img_name": "0027", "width": 800, "height": 800, "position": [0.5798129683097188, -2.6689939575435813, 4.188112735748291], "rotation": [[0.9772070646286011, 0.1778178364038468, -0.11596260219812393], [0.21228873729705813, -0.8185307383537292, 0.5337988138198851], [-0.0, -0.5462493896484375, -0.8376225829124451]], "fy": 1755.555611334806, "fx": 1755.555611334806}, {"id": 27, "img_name": "0028", "width": 800, "height": 800, "position": [0.1639491612750865, 2.7890512934798184, 4.146602630615234], "rotation": [[-0.9982768297195435, 0.04866604506969451, -0.032789830118417726], [0.05868183076381683, 0.8278914093971252, -0.5578102469444274], [-0.0, -0.558773100376129, -0.8293205499649046]], "fy": 1755.555611334806, "fx": 1755.555611334806}, {"id": 28, "img_name": "0029", "width": 800, "height": 800, "position": [-2.4099204507181637, -1.0859667136148918, 4.244167804718017], "rotation": [[0.41083738207817083, -0.773888885974884, 0.48198410868644714], [-0.9117087125778199, -0.3487325012683869, 0.2171933501958847], [-0.0, -0.5286601185798645, -0.8488335609436034]], "fy": 1755.555611334806, "fx": 1755.555611334806}, {"id": 29, "img_name": "0030", "width": 800, "height": 800, "position": [0.009418116811983887, 4.188333034515539, -2.7308931350708017], "rotation": [[-0.9999974966049194, -0.0012281644158065317, -0.0018836234230548137], [0.00224864948540926, -0.5461772680282593, -0.8376666307449341], [1.8164044853885161e-19, -0.8376687169075014, 0.5461786389350892]], "fy": 1755.555611334806, "fx": 1755.555611334806}, {"id": 30, "img_name": "0031", "width": 800, "height": 800, "position": [-0.0055242290133163795, 0.24495217203596245, 4.993992805480956], "rotation": [[-0.9997458457946778, -0.022519458085298538, 0.0011048458982259037], [-0.022546544671058655, 0.9985448122024535, -0.04899043962359427], [1.1641532166606724e-10, -0.04900185391306877, -0.9987986683845519]], "fy": 1755.555611334806, "fx": 1755.555611334806}, {"id": 31, "img_name": "0032", "width": 800, "height": 800, "position": [-2.888630876685332, -1.9501603698384917, 3.585064172744751], "rotation": [[0.5595387816429137, -0.5942632555961609, 0.577726185321808], [-0.8288041949272156, -0.40119647979736317, 0.39003208279609675], [-2.980232230618455e-08, -0.6970599889755249, -0.7170128226280212]], "fy": 1755.555611334806, "fx": 1755.555611334806}, {"id": 32, "img_name": "0033", "width": 800, "height": 800, "position": [-1.1284428138031404, 1.2573706659297754, -4.705914974212647], "rotation": [[-0.7442325353622437, 0.6286354660987854, 0.22568856179714206], [-0.6679205894470217, -0.7004589438438416, -0.251474142074585], [-5.2246153548225276e-17, -0.337897390127182, 0.9411830306053163]], "fy": 1755.555611334806, "fx": 1755.555611334806}, {"id": 33, "img_name": "0034", "width": 800, "height": 800, "position": [-4.109455071821579, 2.7472568109071562, -0.7516383528709412], "rotation": [[-0.5557669997215271, 0.1249731257557869, 0.8218910098075867], [-0.8313381671905519, -0.08354715257883072, -0.5494513511657715], [1.1406029627313558e-17, -0.9886362552642821, 0.15032766759395597]], "fy": 1755.555611334806, "fx": 1755.555611334806}, {"id": 34, "img_name": "0035", "width": 800, "height": 800, "position": [3.4042248726026236, -0.09211017886527455, -3.660979270935059], "rotation": [[0.02704770863056183, -0.7319279313087462, -0.6808449625968933], [0.9996342062950134, 0.01980421692132949, 0.018422035500407215], [-9.313226916727009e-10, -0.6810941100120544, 0.7321958541870118]], "fy": 1755.555611334806, "fx": 1755.555611334806}, {"id": 35, "img_name": "0036", "width": 800, "height": 800, "position": [-0.36553873440044476, -0.7519743499497714, -4.929595947265625], "rotation": [[0.8993699550628662, 0.4310325980186462, 0.07310774922370908], [-0.4371885359287262, 0.8867061138153076, 0.15039487183094022], [7.450580591425003e-09, -0.16722238063812256, 0.9859191775321962]], "fy": 1755.555611334806, "fx": 1755.555611334806}, {"id": 36, "img_name": "0037", "width": 800, "height": 800, "position": [3.23614746475994, 3.3152007460767723, -1.8806366920471203], "rotation": [[-0.7155871987342833, -0.26273378729820246, -0.647229492664337], [0.6985235214233398, -0.26915189623832686, -0.6630401611328124], [1.4901161162669747e-08, -0.9265680313110349, 0.3761273324489593]], "fy": 1755.555611334806, "fx": 1755.555611334806}, {"id": 37, "img_name": "0038", "width": 800, "height": 800, "position": [3.34665083868697, -0.3766638353222334, -3.695680141448974], "rotation": [[0.11184333264827727, -0.7344986200332643, -0.6693301796913146], [0.9937258958816526, 0.08266744017601012, 0.07533276826143262], [-3.7252902873451207e-09, -0.6735561490058899, 0.7391360402107237]], "fy": 1755.555611334806, "fx": 1755.555611334806}, {"id": 38, "img_name": "0039", "width": 800, "height": 800, "position": [1.8411250121719054, -0.20470156611053636, 4.644174098968506], "rotation": [[0.11050199717283249, 0.9231465458869935, -0.36822500824928284], [0.9938759803771973, -0.10263808816671373, 0.040940314531326294], [-3.7252907467331704e-09, -0.37049403786659246, -0.928834855556488]], "fy": 1755.555611334806, "fx": 1755.555611334806}, {"id": 39, "img_name": "0040", "width": 800, "height": 800, "position": [3.3472184500818867, -3.2395048796631123, -1.817068457603455], "rotation": [[0.6954504251480103, -0.2611396908760072, -0.6694437265396118], [0.7185741662979127, 0.2527362108230592, 0.6479009985923768], [1.0343148435679823e-16, -0.9316279888153076, 0.36341369152069103]], "fy": 1755.555611334806, "fx": 1755.555611334806}, {"id": 40, "img_name": "0041", "width": 800, "height": 800, "position": [-0.08137116548140923, -4.780600547922972, 1.4626139402389524], "rotation": [[0.9998551607131958, -0.0049783438444137565, 0.016274234279990196], [-0.01701865345239639, -0.29248040914535517, 0.9561201333999634], [-1.658844233833363e-18, -0.9562585949897766, -0.29252278804779047]], "fy": 1755.555611334806, "fx": 1755.555611334806}, {"id": 41, "img_name": "0042", "width": 800, "height": 800, "position": [0.8229578427988097, 3.1928176958614984, -3.758810520172119], "rotation": [[-0.9683502912521361, -0.18763607740402222, -0.16459158062934873], [0.24959503114223475, -0.7279689908027649, -0.638563573360443], [-7.450579715220147e-09, -0.6594345569610593, 0.7517620921134947]], "fy": 1755.555611334806, "fx": 1755.555611334806}, {"id": 42, "img_name": "0043", "width": 800, "height": 800, "position": [1.6640634517674897, -0.22771908246141476, 4.709462642669679], "rotation": [[0.1355815827846527, 0.9331952333450317, -0.3328126966953278], [0.9907661676406861, -0.12770327925682068, 0.04554381594061852], [-3.7252898633027406e-09, -0.3359144330024719, -0.9418925642967224]], "fy": 1755.555611334806, "fx": 1755.555611334806}, {"id": 43, "img_name": "0044", "width": 800, "height": 800, "position": [-4.1795463708892875, 2.4808594933058274, -1.1733407974243164], "rotation": [[-0.5104252099990845, 0.20179636776447293, 0.8359093070030211], [-0.8599221110343933, -0.11978056281805034, -0.4961719214916229], [-7.450579715166258e-09, -0.9720755815505978, 0.23466816544532773]], "fy": 1755.555611334806, "fx": 1755.555611334806}, {"id": 44, "img_name": "0045", "width": 800, "height": 800, "position": [1.1181409867529821, -2.607293396699619, 4.117254257202148], "rotation": [[0.9190518856048584, 0.32455205917358393, -0.2236282080411911], [0.39413654804229725, -0.7567940950393676, 0.5214586853981018], [-1.4901161227135826e-08, -0.5673875212669371, -0.8234508633613585]], "fy": 1755.555611334806, "fx": 1755.555611334806}, {"id": 45, "img_name": "0046", "width": 800, "height": 800, "position": [3.822616070387455, 2.2129869977950527, 2.3431382179260254], "rotation": [[-0.5010182261466979, 0.4055676162242889, -0.7645232081413268], [0.8654367923736571, 0.23479099571704862, -0.4425973892211913], [-0.0, -0.8833957910537719, -0.4686276614665985]], "fy": 1755.555611334806, "fx": 1755.555611334806}, {"id": 46, "img_name": "0047", "width": 800, "height": 800, "position": [-3.491051688662761, 0.8972632310171312, 3.465180635452271], "rotation": [[-0.24892765283584595, -0.6712208390235902, 0.6982103586196898], [-0.9685220718383789, 0.17251586914062506, -0.17945265769958496], [1.9379231259977386e-17, -0.7209029197692871, -0.6930361390113832]], "fy": 1755.555611334806, "fx": 1755.555611334806}, {"id": 47, "img_name": "0048", "width": 800, "height": 800, "position": [0.26685583611350505, 4.285823823864735, 2.561347484588623], "rotation": [[-0.9980671405792236, 0.03183469548821449, -0.05337117239832879], [0.062144421041011824, 0.5112794041633605, -0.8571648001670839], [1.8626449244355299e-09, -0.8588247895240784, -0.5122694969177247]], "fy": 1755.555611334806, "fx": 1755.555611334806}, {"id": 48, "img_name": "0049", "width": 800, "height": 800, "position": [-4.908271316376526, -0.613102585555778, -0.7300531864166261], "rotation": [[0.12394887953996657, 0.14488467574119565, 0.9816542863845824], [-0.992288589477539, 0.018097853288054466, 0.12262052297592164], [-0.0, -0.9892829656600952, 0.1460106372833252]], "fy": 1755.555611334806, "fx": 1755.555611334806}, {"id": 49, "img_name": "0050", "width": 800, "height": 800, "position": [-3.3434330866756548, 2.230331026559449, 2.9744040966033913], "rotation": [[-0.5549371242523193, -0.49487677216529846, 0.6686866283416748], [-0.8318923115730287, 0.33012142777442927, -0.44606620073318487], [1.4901161185384004e-08, -0.8038139343261717, -0.5948808193206786]], "fy": 1755.555611334806, "fx": 1755.555611334806}, {"id": 50, "img_name": "0051", "width": 800, "height": 800, "position": [3.203068731944046, -0.24642828269178862, 3.83139967918396], "rotation": [[0.07670838385820387, 0.7640221118927001, -0.6406137347221376], [0.9970536231994628, -0.05878008902072906, 0.04928565397858619], [-0.0, -0.6425068378448486, -0.766279935836792]], "fy": 1755.555611334806, "fx": 1755.555611334806}, {"id": 51, "img_name": "0052", "width": 800, "height": 800, "position": [0.12255026773067472, -3.527207374702031, -3.541721343994141], "rotation": [[0.9993970394134523, -0.02459607087075711, -0.02451005391776562], [0.034723326563835144, 0.7079171538352967, 0.7054414749145508], [-1.8626451458777854e-09, -0.7058671712875366, 0.708344280719757]], "fy": 1755.555611334806, "fx": 1755.555611334806}, {"id": 52, "img_name": "0053", "width": 800, "height": 800, "position": [-4.74914598874466, 1.4752204286352844, 0.5189775824546815], "rotation": [[-0.29664638638496393, -0.09912340342998505, 0.9498292207717894], [-0.9549874067306517, 0.030790563672780987, -0.29504409432411194], [-1.862645150102225e-09, -0.9945986866950989, -0.10379552096128465]], "fy": 1755.555611334806, "fx": 1755.555611334806}, {"id": 53, "img_name": "0054", "width": 800, "height": 800, "position": [-1.0798475698499044, -0.7390201751872834, 4.825741291046143], "rotation": [[0.564776122570038, -0.7964829802513125, 0.215969517827034], [-0.8252443075180054, -0.5450926423072814, 0.14780403673648834], [2.2106847348151228e-17, -0.2617036700248719, -0.9651482701301574]], "fy": 1755.555611334806, "fx": 1755.555611334806}, {"id": 54, "img_name": "0055", "width": 800, "height": 800, "position": [0.8912491470895364, -4.826395495661604, 0.9547671079635618], "rotation": [[0.9833741188049315, 0.0346754752099514, -0.17824982106685638], [0.181591272354126, -0.1877786666154862, 0.9652791023254395], [-3.7252902959206035e-09, -0.9815991520881654, -0.1909534186124802]], "fy": 1755.555611334806, "fx": 1755.555611334806}, {"id": 55, "img_name": "0056", "width": 800, "height": 800, "position": [0.0789719714826388, 2.7726416586581615, 4.160074710845947], "rotation": [[-0.9995946884155275, 0.02368831820786, -0.01579439453780651], [0.02847103029489518, 0.8316775560379029, -0.5545283555984497], [-2.8866318291658484e-18, -0.5547532439231873, -0.8320149779319762]], "fy": 1755.555611334806, "fx": 1755.555611334806}, {"id": 56, "img_name": "0057", "width": 800, "height": 800, "position": [2.0396212567810124, -3.1326988370808095, 3.320563316345215], "rotation": [[0.8380317687988282, 0.362354040145874, -0.4079242646694183], [0.545621395111084, -0.5565475225448607, 0.6265397667884824], [-1.4901161218783648e-08, -0.7476325035095216, -0.664112687110901]], "fy": 1755.555611334806, "fx": 1755.555611334806}, {"id": 57, "img_name": "0058", "width": 800, "height": 800, "position": [-0.6395081320358251, 0.1716959183329117, 4.955961227416993], "rotation": [[-0.2592984735965728, -0.957290768623352, 0.12790162861347198], [-0.9657973051071167, 0.2570146322250366, -0.03433918580412865], [-7.4505805916849285e-09, -0.13243074715137482, -0.9911922812461853]], "fy": 1755.555611334806, "fx": 1755.555611334806}, {"id": 58, "img_name": "0059", "width": 800, "height": 800, "position": [-0.4642439029916276, -1.840287920246657, 4.625777721405029], "rotation": [[0.9696230888366698, -0.22629664838314056, 0.0928487777709961], [-0.2446038722991943, -0.8970521688461304, 0.3680575788021087], [-1.2839112829063258e-17, -0.37958824634552, -0.9251555800437927]], "fy": 1755.555611334806, "fx": 1755.555611334806}, {"id": 59, "img_name": "0060", "width": 800, "height": 800, "position": [-1.3227923040252987, -3.4716012430687466, -3.3463718891143803], "rotation": [[0.9344628453254702, 0.23830221593379974, 0.26455846428871155], [-0.3560605645179749, 0.625412106513977, 0.6943202614784241], [-1.4901159412389612e-08, -0.7430154085159301, 0.669274389743805]], "fy": 1755.555611334806, "fx": 1755.555611334806}, {"id": 60, "img_name": "0061", "width": 800, "height": 800, "position": [-4.560708046611521, 0.23489786908632487, -2.03587007522583], "rotation": [[-0.05143651738762855, 0.4066350162029267, 0.9121415615081787], [-0.9986763000488281, -0.02094361372292042, -0.046979572623968124], [-3.1646270310089697e-18, -0.9133506417274475, 0.4071739912033081]], "fy": 1755.555611334806, "fx": 1755.555611334806}, {"id": 61, "img_name": "0062", "width": 800, "height": 800, "position": [3.226504879176756, -3.702702694058554, -0.9379010200500495], "rotation": [[0.7539232969284059, -0.1232331767678261, -0.6453009843826294], [0.6569625735282899, 0.1414210796356201, 0.740540564060211], [-7.4505805717811564e-09, -0.9822493195533751, 0.18758021295070645]], "fy": 1755.555611334806, "fx": 1755.555611334806}, {"id": 62, "img_name": "0063", "width": 800, "height": 800, "position": [2.439325123700773, 3.374678762784453, -2.767894029617313], "rotation": [[-0.8104446530342102, -0.3242948651313781, -0.48786506056785583], [0.5858151912689208, -0.44864496588706965, -0.6749357581138614], [-1.49011610736898e-08, -0.8327967524528505, 0.5535787940025328]], "fy": 1755.555611334806, "fx": 1755.555611334806}, {"id": 63, "img_name": "0064", "width": 800, "height": 800, "position": [-3.3712017358713666, -1.1130501569334526, 3.5208120346069336], "rotation": [[0.31351804733276367, -0.6686601638793944, 0.6742403507232666], [-0.949582278728485, -0.2207676470279693, 0.22261002659797666], [-5.61417923486814e-17, -0.7100389599800108, -0.7041624188423157]], "fy": 1755.555611334806, "fx": 1755.555611334806}, {"id": 64, "img_name": "0065", "width": 800, "height": 800, "position": [3.7911000732705507, 3.1176387678876907, -0.9528320431709295], "rotation": [[-0.63516765832901, -0.1471886038780213, -0.7582200169563293], [0.7723743319511414, -0.12104161828756331, -0.6235277652740479], [7.450580578202007e-09, -0.9816743135452269, 0.19056640565395355]], "fy": 1755.555611334806, "fx": 1755.555611334806}, {"id": 65, "img_name": "0066", "width": 800, "height": 800, "position": [-1.4360690019415854, 1.7822425675529112, -4.445370674133299], "rotation": [[-0.7786742448806763, 0.5578303933143616, 0.28721377253532404], [-0.6274285316467283, -0.6922990083694457, -0.3564485013484955], [1.4901163064034408e-08, -0.45776331424713135, 0.8890740871429442]], "fy": 1755.555611334806, "fx": 1755.555611334806}, {"id": 66, "img_name": "0067", "width": 800, "height": 800, "position": [0.5798129683097188, -2.6689939575435813, 4.188112735748291], "rotation": [[0.9772070646286011, 0.1778178364038468, -0.11596260219812393], [0.21228873729705813, -0.8185307383537292, 0.5337988138198851], [-0.0, -0.5462493896484375, -0.8376225829124451]], "fy": 1755.555611334806, "fx": 1755.555611334806}, {"id": 67, "img_name": "0068", "width": 800, "height": 800, "position": [0.1639491612750865, 2.7890512934798184, 4.146602630615234], "rotation": [[-0.9982768297195435, 0.04866604506969451, -0.032789830118417726], [0.05868183076381683, 0.8278914093971252, -0.5578102469444274], [-0.0, -0.558773100376129, -0.8293205499649046]], "fy": 1755.555611334806, "fx": 1755.555611334806}, {"id": 68, "img_name": "0069", "width": 800, "height": 800, "position": [-2.4099204507181637, -1.0859667136148918, 4.244167804718017], "rotation": [[0.41083738207817083, -0.773888885974884, 0.48198410868644714], [-0.9117087125778199, -0.3487325012683869, 0.2171933501958847], [-0.0, -0.5286601185798645, -0.8488335609436034]], "fy": 1755.555611334806, "fx": 1755.555611334806}, {"id": 69, "img_name": "0070", "width": 800, "height": 800, "position": [0.009418116811983887, 4.188333034515539, -2.7308931350708017], "rotation": [[-0.9999974966049194, -0.0012281644158065317, -0.0018836234230548137], [0.00224864948540926, -0.5461772680282593, -0.8376666307449341], [1.8164044853885161e-19, -0.8376687169075014, 0.5461786389350892]], "fy": 1755.555611334806, "fx": 1755.555611334806}, {"id": 70, "img_name": "0071", "width": 800, "height": 800, "position": [-0.0055242290133163795, 0.24495217203596245, 4.993992805480956], "rotation": [[-0.9997458457946778, -0.022519458085298538, 0.0011048458982259037], [-0.022546544671058655, 0.9985448122024535, -0.04899043962359427], [1.1641532166606724e-10, -0.04900185391306877, -0.9987986683845519]], "fy": 1755.555611334806, "fx": 1755.555611334806}, {"id": 71, "img_name": "0072", "width": 800, "height": 800, "position": [-2.888630876685332, -1.9501603698384917, 3.585064172744751], "rotation": [[0.5595387816429137, -0.5942632555961609, 0.577726185321808], [-0.8288041949272156, -0.40119647979736317, 0.39003208279609675], [-2.980232230618455e-08, -0.6970599889755249, -0.7170128226280212]], "fy": 1755.555611334806, "fx": 1755.555611334806}, {"id": 72, "img_name": "0073", "width": 800, "height": 800, "position": [-1.1284428138031404, 1.2573706659297754, -4.705914974212647], "rotation": [[-0.7442325353622437, 0.6286354660987854, 0.22568856179714206], [-0.6679205894470217, -0.7004589438438416, -0.251474142074585], [-5.2246153548225276e-17, -0.337897390127182, 0.9411830306053163]], "fy": 1755.555611334806, "fx": 1755.555611334806}, {"id": 73, "img_name": "0074", "width": 800, "height": 800, "position": [-4.109455071821579, 2.7472568109071562, -0.7516383528709412], "rotation": [[-0.5557669997215271, 0.1249731257557869, 0.8218910098075867], [-0.8313381671905519, -0.08354715257883072, -0.5494513511657715], [1.1406029627313558e-17, -0.9886362552642821, 0.15032766759395597]], "fy": 1755.555611334806, "fx": 1755.555611334806}, {"id": 74, "img_name": "0075", "width": 800, "height": 800, "position": [3.4042248726026236, -0.09211017886527455, -3.660979270935059], "rotation": [[0.02704770863056183, -0.7319279313087462, -0.6808449625968933], [0.9996342062950134, 0.01980421692132949, 0.018422035500407215], [-9.313226916727009e-10, -0.6810941100120544, 0.7321958541870118]], "fy": 1755.555611334806, "fx": 1755.555611334806}, {"id": 75, "img_name": "0076", "width": 800, "height": 800, "position": [-0.36553873440044476, -0.7519743499497714, -4.929595947265625], "rotation": [[0.8993699550628662, 0.4310325980186462, 0.07310774922370908], [-0.4371885359287262, 0.8867061138153076, 0.15039487183094022], [7.450580591425003e-09, -0.16722238063812256, 0.9859191775321962]], "fy": 1755.555611334806, "fx": 1755.555611334806}, {"id": 76, "img_name": "0077", "width": 800, "height": 800, "position": [3.23614746475994, 3.3152007460767723, -1.8806366920471203], "rotation": [[-0.7155871987342833, -0.26273378729820246, -0.647229492664337], [0.6985235214233398, -0.26915189623832686, -0.6630401611328124], [1.4901161162669747e-08, -0.9265680313110349, 0.3761273324489593]], "fy": 1755.555611334806, "fx": 1755.555611334806}, {"id": 77, "img_name": "0078", "width": 800, "height": 800, "position": [3.34665083868697, -0.3766638353222334, -3.695680141448974], "rotation": [[0.11184333264827727, -0.7344986200332643, -0.6693301796913146], [0.9937258958816526, 0.08266744017601012, 0.07533276826143262], [-3.7252902873451207e-09, -0.6735561490058899, 0.7391360402107237]], "fy": 1755.555611334806, "fx": 1755.555611334806}, {"id": 78, "img_name": "0079", "width": 800, "height": 800, "position": [1.8411250121719054, -0.20470156611053636, 4.644174098968506], "rotation": [[0.11050199717283249, 0.9231465458869935, -0.36822500824928284], [0.9938759803771973, -0.10263808816671373, 0.040940314531326294], [-3.7252907467331704e-09, -0.37049403786659246, -0.928834855556488]], "fy": 1755.555611334806, "fx": 1755.555611334806}, {"id": 79, "img_name": "0080", "width": 800, "height": 800, "position": [3.3472184500818867, -3.2395048796631123, -1.817068457603455], "rotation": [[0.6954504251480103, -0.2611396908760072, -0.6694437265396118], [0.7185741662979127, 0.2527362108230592, 0.6479009985923768], [1.0343148435679823e-16, -0.9316279888153076, 0.36341369152069103]], "fy": 1755.555611334806, "fx": 1755.555611334806}]